3,2
3,1
3,3
10,140
10,236
10,34
10,252
10,234
10,138
10,98
10,232
10,2
10,3
11,11
11,18
9,7
8,4
8,8
8,2
42,3
42,2
42,1
42,0
41,4
41,3
41,2
41,1
41,0
40,3
40,2
40,1
40,0
38,7
38,6
38,5
38,4
38,3
38,2
38,1
38,0
34,5
34,4
34,3
34,2
34,1
33,3
33,2
33,1
33,0
32,3
32,2
32,1
32,0
30,3
30,1
27,3
27,1
20,3
20,2
20,1
19,3
19,2
19,1
18,3
18,1
12,3
12,2
14,1
12,1
11,30
11,29
11,27
11,26
11,25
11,24
11,23
11,22
11,21
11,20
11,19
11,17
14,3
11,16
11,15
11,14
11,13
11,12
11,9
13,1
11,8
11,7
11,6
11,5
11,4
11,3
13,3
11,2
11,1
10,297
10,294
10,280
10,273
10,270
10,266
10,264
10,255
10,242
10,241
10,240
10,231
10,223
10,221
10,216
10,213
10,203
10,183
